

Normalized elements

g_1 = 1.670300 F
g_2 = 1.192600 F
g_3 = 2.366100 F
g_4 = 0.841900 F


Capacitors

C_1 = 0.708897 pF
C_2 = 0.506155 pF
C_3 = 1.004204 pF
C_4 = 0.357313 pF


Patch Lengths

L_1 = 12.814222 mm
L_2 = 12.037982 mm
L_3 = 13.638737 mm
L_4 = 11.209357 mm
